-2.702 1
-0.944 1
2.541 1
-1.705 1
-2.476 1
-2.481 1
-0.754 1
-1.589 1
3.01 1
6.164 1
-2.436 1
1.501 1
-1.047 1
1.935 1
1.288 1
5.715 1
-0.292 1
-0.811 1
-3.065 1
-3.692 1
2.775 1
3.121 1
-1.048 1
-1.262 1
5.412 1
0.759 1
2.788 1
-3.775 1
-2.583 1
2.346 1
0.551 1
-1.915 1
-1.21 1
-0.799 1
2.102 1
3.556 1
1.07 1
-0.919 1
5.761 1
-1.577 1
1.117 1
1.0 1
-2.146 1
0.551 1
-3.463 1
-1.291 1
-2.919 1
0.534 1
0.616 1
1.744 1
-0.069 2
0.281 2
-0.511 2
-1.534 2
-4.508 2
-3.242 2
-1.384 2
-1.227 2
-3.205 2
-3.459 2
-0.543 2
3.797 2
-0.45 2
3.937 2
-3.898 2
-2.213 2
-0.018 2
-1.987 2
0.423 2
-0.341 2
2.31 2
-1.635 2
-0.918 2
-0.469 2
0.438 2
0.295 2
-2.937 2
4.062 2
1.208 2
-2.072 2
1.75 2
5.59 2
2.163 2
3.511 2
3.046 2
1.451 2
1.507 2
-0.173 2
1.761 2
1.396 2
-0.53 2
3.079 2
-3.012 2
-2.583 2
-1.875 2
-0.781 2
-0.911 2
1.387 2
-1.29 2
-0.351 2
