2.385 3.051
1.583 0.654
1.807 0.658
0.294 0.166
1.478 -0.797
1.445 0.572
2.192 0.113
2.249 0.355
0.406 0.5
0.516 -0.764
-1.391 -0.316
1.153 1.723
1.805 -0.1
2.792 0.827
0.408 1.08
0.503 0.361
1.628 0.94
-0.264 -0.901
0.659 -1.669
0.418 0.556
1.385 0.399
1.612 1.718
1.014 -1.005
0.012 0.552
0.054 0.916
0.696 -0.473
1.788 1.097
0.289 0.568
1.147 0.299
0.23 -0.219
1.065 2.339
1.293 2.155
0.113 0.42
0.042 -0.723
1.938 -0.528
1.648 0.371
0.904 0.222
1.334 -0.238
1.476 0.503
2.523 0.951
1.265 0.589
0.622 0.476
1.354 -0.128
1.566 1.917
0.274 -0.586
1.411 0.532
-0.812 -0.647
0.55 -0.721
-0.524 0.231
2.721 -1.278
